timestep,alive_queen1,dead_queen1,food_queen1,health_queen1,presence_queen1
1,50,0,4950,99,50
2,50,0,4900,98,50
3,50,0,4850,97,50
4,50,0,4800,96,50
5,50,0,4750,95,50
6,50,0,4700,94,50
7,50,0,4650,93,50
8,50,0,4600,92,50
9,50,0,4550,91,50
10,51,0,4500,88,51
11,52,0,4449,85,52
12,53,0,4397,82,53
13,54,0,4344,80,54
14,55,0,4290,78,55
15,56,0,4235,75,56
16,57,0,4179,73,57
17,58,0,4122,71,58
18,59,0,4064,68,59
19,60,0,4005,66,60
20,61,0,3945,64,61
21,62,0,3884,62,62
22,63,0,3822,60,63
23,64,0,3759,58,64
24,65,0,3695,56,65
25,66,0,3630,55,66
26,67,0,3564,53,67
27,68,0,3497,51,68
28,69,0,3429,49,69
29,70,0,3360,48,70
30,71,0,3290,46,71
31,72,0,3219,44,72
32,73,0,3147,43,73
33,74,0,3074,41,74
34,75,0,3000,40,75
35,76,0,2925,38,76
36,77,0,2849,37,77
37,78,0,2772,35,78
38,79,0,2694,34,79
39,80,0,2615,32,80
40,81,0,2535,31,81
41,82,0,2454,29,82
42,83,0,2372,28,83
43,84,0,2289,27,84
44,85,0,2205,25,85
45,85,0,2120,24,84
46,85,0,2035,23,83
47,85,0,1950,22,82
48,85,0,1865,21,82
49,85,0,1880,22,82
50,85,0,1795,21,81
51,85,0,1710,20,80
52,85,0,1625,19,80
53,85,0,1640,19,81
54,85,0,1655,19,81
55,85,0,1570,18,81
56,85,0,1585,18,81
57,85,0,1500,17,80
58,85,0,1415,16,79
59,85,0,1330,15,79
60,85,0,1345,15,79
61,85,0,1260,14,79
62,85,0,1275,15,79
63,85,0,1190,14,78
64,85,0,1105,13,79
65,85,0,1220,14,79
66,85,0,1135,13,79
67,85,0,1150,13,79
68,85,0,1065,12,78
69,84,1,980,11,76
70,83,2,896,10,75
71,82,3,913,11,74
72,81,4,831,10,74
73,80,5,950,11,73
74,79,6,870,11,71
75,78,7,791,10,71
76,77,8,913,11,70
77,76,9,836,11,69
78,75,10,860,11,68
79,74,11,785,10,67
80,73,12,811,11,66
81,72,13,738,10,65
82,71,14,766,10,66
83,70,15,895,12,65
84,69,16,825,11,63
85,68,17,756,11,62
86,67,18,788,11,61
87,66,19,721,10,59
88,65,20,655,10,58
89,64,21,690,10,59
90,63,22,826,13,58
91,62,23,763,12,56
92,61,24,701,11,54
93,60,25,640,10,53
94,59,26,680,11,52
95,58,27,621,10,50
96,57,28,563,9,50
97,56,29,706,12,49
98,55,30,650,11,48
99,54,31,695,12,47
100,53,32,641,12,45
101,52,33,588,11,43
102,51,34,536,10,42
103,50,35,585,11,41
104,49,36,535,10,40
105,48,37,586,12,40
106,47,38,638,13,40
107,46,39,791,17,41
108,46,39,945,20,41
109,46,39,899,19,41
110,46,39,953,20,41
111,46,39,907,19,40
112,46,39,861,18,39
113,46,39,815,17,38
114,46,39,769,16,37
115,46,39,723,15,40
116,46,39,1077,23,40
117,46,39,1031,22,39
118,46,39,985,21,38
119,46,39,939,20,37
120,46,39,893,19,37
121,46,39,947,20,37
122,46,39,901,19,37
123,46,39,955,20,37
124,46,39,909,19,37
125,46,39,963,20,38
126,46,39,1017,22,38
127,46,39,1071,23,39
128,46,39,1125,24,39
129,46,39,1079,23,39
130,46,39,1133,24,41
131,46,39,1287,27,41
132,46,39,1341,29,41
133,46,39,1295,28,41
134,46,39,1249,27,42
135,46,39,1303,28,43
136,46,39,1357,29,43
137,46,39,1311,28,43
138,46,39,1265,27,44
139,46,39,1319,28,45
140,46,39,1373,29,45
141,47,39,1327,28,46
142,48,39,1280,26,48
143,48,39,1332,27,48
144,48,39,1284,26,48
145,48,39,1236,25,48
146,48,39,1188,24,47
147,48,39,1140,23,46
148,48,39,1092,22,45
149,48,39,1044,21,45
150,48,39,1096,22,45
151,48,39,1048,21,44
152,48,39,1000,20,43
153,48,39,952,19,42
154,48,39,904,18,42
155,48,39,956,19,43
156,48,39,1008,21,43
157,48,39,960,20,42
158,48,39,912,19,43
159,48,39,1064,22,43
160,48,39,1016,21,42
161,48,39,968,20,41
162,48,39,920,19,41
163,48,39,972,20,41
164,48,39,924,19,41
165,48,39,976,20,42
166,48,39,1028,21,41
167,48,39,980,20,42
168,48,39,1132,23,42
169,48,39,1084,22,42
170,48,39,1136,23,43
171,48,39,1188,24,43
172,48,39,1140,23,42
173,48,39,1092,22,43
174,48,39,1244,25,43
175,48,39,1196,24,42
176,48,39,1148,23,41
177,48,39,1100,22,41
178,48,39,1152,24,41
179,48,39,1104,23,40
180,48,39,1056,22,41
181,48,39,1208,25,41
182,48,39,1160,24,41
183,48,39,1212,25,41
184,48,39,1164,24,40
185,48,39,1116,23,39
186,48,39,1068,22,39
187,48,39,1120,23,40
188,48,39,1172,24,41
189,48,39,1224,25,42
190,48,39,1376,28,41
191,48,39,1328,27,42
192,48,39,1380,28,43
193,48,39,1432,29,44
194,48,39,1484,30,44
195,48,39,1436,29,45
196,48,39,1488,31,45
197,48,39,1440,30,45
198,48,39,1392,29,46
199,48,39,1444,30,47
200,49,39,1496,30,48
201,50,39,1447,28,49
202,51,39,1397,27,51
203,52,39,1446,27,52
204,53,39,1394,26,53
205,53,39,1341,25,53
206,53,39,1288,24,52
207,53,39,1235,23,51
208,53,39,1182,22,50
209,53,39,1129,21,49
210,53,39,1076,20,48
211,53,39,1023,19,47
212,53,39,970,18,47
213,53,39,1017,19,48
214,53,39,1064,20,48
215,53,39,1011,19,47
216,53,39,958,18,46
217,53,39,905,17,46
218,53,39,952,17,46
219,53,39,899,16,45
220,53,39,846,15,46
221,53,39,993,18,48
222,53,39,1140,21,48
223,53,39,1187,22,48
224,53,39,1134,21,47
225,53,39,1081,20,46
226,53,39,1028,19,46
227,53,39,1075,20,47
228,53,39,1222,23,47
229,53,39,1169,22,46
230,53,39,1116,21,45
231,53,39,1063,20,45
232,53,39,1110,20,46
233,53,39,1157,21,46
234,53,39,1104,20,45
235,53,39,1051,19,45
236,53,39,1098,20,45
237,53,39,1045,19,45
238,53,39,1092,20,46
239,53,39,1139,21,46
240,53,39,1086,20,45
241,53,39,1033,19,44
242,53,39,980,18,44
243,53,39,1027,19,45
244,53,39,1074,20,46
245,53,39,1121,21,45
246,53,39,1068,20,44
247,53,39,1015,19,43
248,53,39,962,18,43
249,53,39,1009,19,45
250,53,39,1156,21,44
251,53,39,1103,20,43
252,53,39,1050,19,42
253,53,39,997,18,42
254,53,39,1044,19,44
255,53,39,1191,22,45
256,53,39,1238,23,44
257,53,39,1185,22,43
258,53,39,1132,21,42
259,53,39,1079,20,42
260,53,39,1126,21,43
261,53,39,1173,22,44
262,53,39,1220,23,43
263,53,39,1167,22,42
264,53,39,1114,21,43
265,53,39,1261,23,44
266,53,39,1308,24,45
267,53,39,1355,25,45
268,53,39,1402,26,46
269,53,39,1449,27,47
270,53,39,1496,28,49
271,53,39,1643,31,49
272,53,39,1590,30,49
273,53,39,1537,29,49
274,53,39,1484,28,49
275,53,39,1431,27,49
276,53,39,1378,26,49
277,53,39,1325,25,50
278,53,39,1372,25,50
279,53,39,1419,26,50
280,53,39,1366,25,50
281,53,39,1313,24,50
282,53,39,1360,25,51
283,53,39,1407,26,50
284,53,39,1354,25,50
285,53,39,1301,24,49
286,53,39,1248,23,49
287,53,39,1295,24,50
288,53,39,1342,25,49
289,53,39,1289,24,48
290,53,39,1236,23,47
291,53,39,1183,22,46
292,53,39,1130,21,46
293,53,39,1177,22,48
294,53,39,1324,24,48
295,53,39,1271,23,47
296,53,39,1218,22,47
297,53,39,1265,23,47
298,53,39,1212,22,47
299,53,39,1259,23,48
300,53,39,1306,24,47
301,53,39,1253,23,46
302,53,39,1200,22,46
303,53,39,1247,23,47
304,53,39,1294,24,47
305,53,39,1241,23,47
306,53,39,1288,24,47
307,53,39,1235,23,48
308,53,39,1382,26,49
309,53,39,1429,26,49
310,53,39,1376,25,49
311,53,39,1323,24,48
312,53,39,1270,23,47
313,53,39,1217,22,47
314,53,39,1264,23,47
315,53,39,1211,22,46
316,53,39,1158,21,45
317,53,39,1105,20,44
318,53,39,1052,19,45
319,53,39,1199,22,45
320,53,39,1146,21,44
321,53,39,1093,20,43
322,53,39,1040,19,43
323,53,39,1087,20,43
324,53,39,1034,19,42
325,53,39,981,18,43
326,53,39,1128,21,44
327,53,39,1175,22,44
328,53,39,1222,23,47
329,53,39,1469,27,47
330,53,39,1416,26,47
331,53,39,1363,25,48
332,53,39,1410,26,48
333,53,39,1457,27,48
334,53,39,1404,26,49
335,53,39,1451,27,51
336,53,39,1598,30,51
337,53,39,1545,29,52
338,53,39,1592,30,53
339,53,39,1639,30,53
340,53,39,1586,29,53
341,53,39,1533,28,53
342,53,39,1480,27,53
343,53,39,1427,26,53
344,53,39,1374,25,53
345,53,39,1321,24,52
346,53,39,1268,23,51
347,53,39,1215,22,50
348,53,39,1162,21,49
349,53,39,1109,20,48
350,53,39,1056,19,48
351,53,39,1103,20,48
352,53,39,1050,19,47
353,53,39,997,18,46
354,53,39,944,17,46
355,53,39,991,18,47
356,53,39,1038,19,48
357,53,39,1085,20,47
358,53,39,1032,19,46
359,53,39,979,18,45
360,53,39,926,17,44
361,53,39,873,16,45
362,53,39,1020,19,46
363,53,39,1067,20,46
364,53,39,1114,21,46
365,53,39,1161,21,45
366,53,39,1108,20,44
367,53,39,1055,19,43
368,53,39,1002,18,43
369,53,39,1049,19,44
370,53,39,1096,20,45
371,53,39,1143,21,44
372,53,39,1090,20,43
373,53,39,1037,19,45
374,53,39,1284,24,45
375,53,39,1231,23,44
376,53,39,1178,22,44
377,53,39,1225,23,44
378,53,39,1172,22,44
379,53,39,1219,23,45
380,53,39,1266,23,46
381,53,39,1313,24,45
382,53,39,1260,23,44
383,53,39,1207,22,44
384,53,39,1254,23,44
385,53,39,1201,22,43
386,53,39,1148,21,44
387,53,39,1295,24,45
388,53,39,1342,25,44
389,53,39,1289,24,45
390,53,39,1436,27,44
391,53,39,1383,26,44
392,53,39,1330,25,45
393,53,39,1377,25,45
394,53,39,1324,24,46
395,53,39,1471,27,46
396,53,39,1418,26,46
397,53,39,1365,25,46
398,53,39,1312,24,45
399,53,39,1259,23,46
400,53,39,1406,26,47
401,53,39,1453,27,49
402,53,39,1600,30,50
403,53,39,1647,31,51
404,53,39,1694,31,51
405,53,39,1641,30,51
406,53,39,1588,29,51
407,53,39,1535,28,52
408,53,39,1582,29,53
409,53,39,1629,30,53
410,53,39,1576,29,53
411,54,39,1523,28,54
412,55,39,1469,26,55
413,55,39,1414,25,55
414,55,39,1359,24,54
415,55,39,1304,23,53
416,55,39,1249,22,52
417,55,39,1194,21,51
418,55,39,1139,20,50
419,55,39,1084,19,50
420,55,39,1129,20,50
421,55,39,1074,19,49
422,55,39,1019,18,48
423,55,39,964,17,47
424,55,39,909,16,46
425,55,39,854,15,46
426,55,39,899,16,47
427,55,39,944,17,46
428,55,39,889,16,46
429,55,39,934,16,47
430,55,39,979,17,46
431,55,39,924,16,45
432,55,39,869,15,46
433,55,39,1014,18,48
434,55,39,1159,21,49
435,55,39,1204,21,48
436,55,39,1149,20,50
437,55,39,1394,25,50
438,55,39,1339,24,49
439,55,39,1284,23,49
440,55,39,1329,24,48
441,55,39,1274,23,48
442,55,39,1319,23,47
443,55,39,1264,22,47
444,55,39,1309,23,46
445,55,39,1254,22,45
446,55,39,1199,21,44
447,55,39,1144,20,44
448,55,39,1189,21,45
449,55,39,1234,22,45
450,55,39,1279,23,45
451,55,39,1224,22,44
452,55,39,1169,21,43
453,55,39,1114,20,43
454,55,39,1159,21,45
455,55,39,1304,23,45
456,55,39,1249,22,44
457,55,39,1194,21,44
458,55,39,1239,22,45
459,55,39,1284,23,44
460,55,39,1229,22,44
461,55,39,1274,23,43
462,55,39,1219,22,42
463,55,39,1164,21,42
464,55,39,1209,21,43
465,55,39,1254,22,43
466,55,39,1299,23,43
467,55,39,1344,24,42
468,55,39,1289,23,42
469,55,39,1334,24,44
470,55,39,1479,26,44
471,55,39,1524,27,44
472,55,39,1469,26,46
473,55,39,1614,29,47
474,55,39,1659,30,47
475,55,39,1604,29,47
476,55,39,1549,28,49
477,55,39,1694,30,50
478,55,39,1739,31,50
479,55,39,1684,30,50
480,55,39,1629,29,50
481,55,39,1574,28,51
482,55,39,1619,29,51
483,56,39,1564,27,52
484,57,39,1508,26,53
485,57,39,1451,25,54
486,57,39,1494,26,53
487,57,39,1437,25,53
488,57,39,1380,24,53
489,57,39,1423,24,52
490,57,39,1366,23,51
491,57,39,1309,22,51
492,57,39,1352,23,52
493,57,39,1395,24,52
494,57,39,1438,25,51
495,57,39,1381,24,50
496,57,39,1324,23,50
497,57,39,1367,23,51
498,57,39,1410,24,52
499,57,39,1453,25,51
500,57,39,1396,24,50
501,57,39,1339,23,50
502,57,39,1382,24,50
503,57,39,1325,23,50
504,57,39,1368,24,52
505,57,39,1511,26,52
